 Batch size    Latency (s)   Throughput (img/s)
--------------------------------------------------
           1         0.0021                478.7
           2         0.0021                957.9
           4         0.0021               1904.5
           8         0.0034               2356.2
          16         0.0081               1982.9
          32         0.0188               1701.8
          64         0.0443               1442.8
         128         0.0977               1308.5
         256         0.1992               1284.4
